camera_matrix:
- - 3527.9166176136096
  - 0.0
  - 1812.7045460766187
- - 0.0
  - 3559.1642622846207
  - 1890.27334982715
- - 0.0
  - 0.0
  - 1.0
dist_coeff:
- - 0.1299253876379246
  - -0.7119593312825852
  - -0.004902810873000014
  - 0.010077631457234022
  - 1.0718937206481156
